0
11
13
14
17
18
28
38
39
42
43
44
46
47
50
51
52
54
56
59
64
82
83
86
87
89
102
115
128
129
130
131
133
137
152
153
155
156
158
160
161
162
166
169
172
186
187
194
196
197
203
205
207
221
222
230
234
240
241
243
244
249
253
257
261
262
263
268
269
273
275
282
283
287
288
289
290
292
296
299
300
302
305
306
308
314
315
324
325
327
329
342
348
349
352
354
361
362
364
365
366
368
375
377
382
383
384
385
388
390
392
394
396
397
398
400
402
411
413
419
420
431
438
439
445
456
460
463
467
473
476
486
488
491
492
496
499
500
504
505
508
511
513
522
523
534
537
547
548
550
552
561
565
569
571
572
574
576
577
581
586
592
594
599
604
606
608
609
613
617
618
621
623
624
628
629
635
636
644
649
657
660
663
666
667
668
672
674
687
688
696
699
704
705
717
720
724
725
730
735
736
747
748
750
751
753
754
757
760
769
773
778
782
783
784
787
790
792
794
801
803
804
805
812
813
817
818
827
830
836
837
846
851
853
865
868
872
874
876
879
880
883
891
901
907
915
916
918
925
927
928
934
935
939
944
946
950
952
956
958
960
961
964
966
972
980
982
984
987
992
998
1000
1001
1004
1005
1006
1007
1010
1013
1020
1024
1031
1034
1039
1044
1056
1059
1063
1064
1065
1068
1076
1081
1083
1090
1093
1101
1103
1109
1110
1111
1113
1114
1117
1121
1126
1136
1139
1145
1148
1149
1154
1155
1159
1160
1172
1182
1183
1186
1195
1201
1202
1203
1205
1206
1207
1209
1210
1212
1220
1221
1222
1224
1226
1227
1237
1240
1251
1252
1255
1261
1264
1266
1274
1276
1277
1283
1293
1294
1297
1298
1300
1302
1311
1313
1314
1319
1320
1321
1322
1325
1327
1330
1337
1339
1340
1342
1352
1364
1366
1371
1372
1374
1375
1385
1386
1387
1391
1395
1397
1401
1402
1409
1418
1420
1421
1423
1431
1433
1437
1440
1441
1445
1449
1452
1453
1455
1457
1458
1459
1460
1466
1468
1470
1477
1481
1482
1485
1486
1487
1506
1507
1517
1525
1526
1527
1532
1536
1544
1545
1550
1557
1558
1561
1565
1566
1572
1573
1575
1578
1585
1592
1595
1598
1604
1608
1618
1620
1621
1623
1624
1632
1647
1653
1655
1656
1658
1660
1661
1663
1665
1675
1677
1679
1683
1684
1689
1698
1700
1707
1713
1716
1726
1729
1734
1736
1738
1742
1754
1756
1763
1769
1770
1773
1783
1788
1789
1790
1791
1792
1799
1801
1809
1814
1815
1817
1836
1845
1846
1849
1857
1858
1859
1864
1868
1870
1875
1876
1877
1883
1885
1887
1894
1896
1901
1902
1905
1907
1911
1912
1914
1915
1929
1933
1934
1938
1939
1942
1950
1954
1955
1956
1958
1962
1963
1967
1974
1978
1979
1985
1986
1988
1989
1990
1993
1995
1997
2000
2001
2002
2003
2007
2012
2014
2016
2021
2023
2025
2028
2031
2037
2038
2041
2046
2050
2055
2060
2070
2072
2073
2074
2075
2078
2081
2083
2085
2088
2095
2101
2102
2106
2107
2108
2117
2118
2119
2122
2123
2126
2128
2129
2131
2135
2144
2149
2150
2152
2158
2160
2162
2176
2181
2183
2187
2194
2198
2205
2208
2209
2210
2214
2219
2222
2229
2232
2235
2238
2246
2250
2256
2258
2269
2275
2277
2279
2292
2300
2301
2309
2312
2316
2325
2326
2332
2334
2342
2346
2348
2352
2355
2356
2359
2364
2369
2370
2373
2376
2382
2383
2384
2386
2390
2394
2397
2403
2410
2412
2419
2426
2427
2429
2430
2431
2434
2435
2442
2446
2447
2450
2467
2469
2470
2477
2481
2486
2488
2491
2496
2498
2499
2505
2516
2523
2525
2539
2543
2545
2547
2553
2554
2555
2559
2561
2563
2565
2573
2574
2575
2580
2582
2583
2585
2595
2597
2604
2605
2606
2623
2625
2631
2640
2643
2658
2659
2660
2665
2668
2673
2675
2676
2682
2692
2696
2699
2701
2703
2705
2710
2716
2723
2724
2725
2727
2737
2738
2740
2746
2747
2748
2752
2753
2754
2757
2761
2764
2768
2781
2785
2790
2793
2795
2804
2807
2809
2810
2812
2813
2816
2819
2823
2826
2828
2835
2848
2852
2853
2859
2863
2864
2865
2867
2871
2875
2878
2882
2887
2890
2892
2894
2899
2900
2901
2902
2905
2907
2909
2928
2931
2938
2947
2949
2955
2958
2963
2966
2968
2971
2981
2985
2986
2988
2989
2999
3000
3001
3002
3003
3008
3015
3016
3017
3021
3023
3025
3028
3029
3042
3043
3047
3053
3062
3066
3076
3080
3083
3088
3093
3099
3102
3103
3104
3114
3117
3118
3124
3125
3126
3129
3130
3132
3133
3137
3143
3147
3149
3150
3156
3160
3165
3170
3174
3176
3178
3179
3183
3187
3190
3194
3195
3200
3210
3219
3227
3228
3243
3244
3245
3248
3252
3253
3261
3266
3267
3269
3270
3274
3279
3289
3300
3303
3304
3310
3314
3316
3317
3322
3325
3327
3328
3335
3336
3343
3347
3352
3356
3359
3367
3370
3375
3378
3384
3389
3391
3397
3398
3399
3405
3410
3411
3416
3418
3423
3430
3436
3440
3442
3445
3448
3454
3458
3469
3470
3473
3475
3477
3482
3484
3488
3490
3491
3494
3495
3499
3507
3508
3513
3515
3520
3527
3531
3533
3536
3544
3554
3557
3559
3561
3567
3569
3576
3577
3579
3580
3586
3588
3590
3597
3605
3606
3609
3612
3615
3618
3619
3623
3627
3635
3636
3637
3647
3668
3670
3681
3685
3690
3692
3717
3718
3720
3723
3727
3730
3731
3732
3743
3744
3746
3750
3751
3752
3753
3764
3765
3766
3772
3784
3786
3790
3792
3795
3796
3800
3801
3804
3805
3823
3825
